126.6301481
100.7271512
101.3074935
160.7944596
101.9112124
126.8414762
131.9471291
139.7617315
110.9025336
129.7838818
125.1701992
104.405883
160.6847927
157.4484748
128.7527354
124.7374455
148.627229
104.3726471
118.6933081
100.11446
101.1912211
139.5735644
125.0860938
168.1886082
108.5694841
112.9889294
103.1313851
129.373605
103.4744117
129.0022737
108.3802638
112.7578082
100.0508725
107.7457084
102.7572813
103.5535412
101.4803944
120.9388766
109.4888192
131.2313976
101.9503808
120.0878727
144.0725339
124.9925896
125.5649125
111.8184224
145.1900425
125.545154
106.9422965
100.50989
100.5536295
115.8578267
135.2338473
149.0221445
127.5710123
139.2364016
103.8900867
120.8827425
123.9647457
132.3061924
109.1499879
102.4159582
132.9755812
151.72991
100.3612832
108.924123
110.3902806
158.797811
113.8661366
100.3996278
108.154832
138.0902238
146.2059945
126.4525037
126.0906923
102.8970872
126.3198703
173.1996114
128.0616139
113.5056796
106.3766771
177.8470302
100.868858
121.807158
118.0071054
122.6876741
111.7330692
109.6499148
166.8785735
124.4107827
106.0218561
113.1418142
106.6456514
100.7161255
117.0986424
104.9775273
152.4465067
104.9395437
161.2895152
158.8224584
158.5227523
109.2919911
138.9963533
110.0159009
103.0221322
116.2280076
105.0578631
110.5345679
143.6596862
120.3123295
102.0128904
148.1591253
101.9140434
113.7566009
105.4777045
140.0069262
174.8020856
121.1955197
101.5930464
121.4098309
105.8422816
127.4387066
107.7238156
100.0081681
124.1558993
148.7017452
118.7050598
127.9006193
102.7976887
116.6675214
110.4956616
141.3359151
133.9417409
109.7025206
