100.9018857
101.4114243
139.3170999
107.1098629
101.6717242
101.1138747
142.5787769
108.1068823
108.2178017
152.187001
127.718203
105.7213421
114.3721184
114.303377
125.9925858
106.3415634
133.1259659
102.6770463
146.3814995
123.6676035
110.6039179
102.8740714
175.7811497
108.6270044
143.6587588
132.3719982
100.8609368
108.4162809
109.0593052
136.044216
122.7421246
121.4521366
118.6947574
124.35755
111.771608
106.7885972
113.4555967
138.6989617
115.2287293
133.5432696
110.8209427
109.4033254
120.7264998
117.8428868
131.2109324
114.0223828
102.5187419
105.5777708
140.3218583
156.7285644
107.569419
113.2827916
151.2560839
126.9935784
110.178191
112.1876056
123.7999728
106.1351726
105.9021342
100.8975076
125.5473818
113.2172838
145.2965657
136.2908477
119.2501385
147.6840346
140.6443456
120.4362908
126.2804054
140.6769249
178.4822313
102.3969566
177.2085702
169.8761778
113.0932099
127.6227589
127.1678434
128.2875678
111.6749064
148.0054739
172.0083427
136.1104425
100.401102
117.5297944
114.0121442
122.4826891
123.7871016
110.2969585
122.4560485
130.0940223
116.5295017
123.58744
125.5787976
109.7412782
123.3327285
104.925703
127.067419
104.845835
126.0558004
110.663084
102.6136522
128.8341386
103.3087793
110.6976259
123.3433913
157.9301756
112.750012
104.0819684
127.4404528
106.3844598
143.2810948
116.0605359
106.9763079
103.7850373
110.6996595
140.5299401
100.0474781
101.0803852
102.7648702
117.734462
148.9090012
121.6380955
105.6162351
176.6517437
163.1114586
111.2547529
107.8710156
119.5758106
174.736475
129.0622886
143.8320811
107.1760724
113.475545
102.7720509
101.4945975
141.0258546
113.9213
113.6306571
107.7701722
117.3991713
126.0856977
111.3216185
106.3261527
101.0974106
157.6845017
115.2489707
132.3703618
120.6153799
131.4089448
114.2634902
120.7062575
112.5592623
100.7324479
106.3338223
108.3018497
120.0915301
100.089625
171.1794367
101.1510213
122.912583
109.4323679
178.2860986
103.1802874
117.5799317
111.5311497
105.2888546
156.4966841
144.9885853
105.6387571
175.6933214
147.6688029
154.5945573
127.4224836
126.1420699
125.0822317
161.5132433
115.4603504
135.1932542
133.394399
115.6646073
107.6379031
108.2598583
138.4273972
103.2247274
122.1165255
105.4514775
128.4514987
101.5310247
151.3766981
103.3351533
109.4882203
111.9803696
101.8495476
101.6555648
111.8867986
123.6585557
110.3236269
127.5026793
116.3396244
107.5587054
134.1241919
108.8953313
129.6881574
100.5057807
123.9543973
108.017017
110.226176
173.5518516
108.6817822
164.9288006
109.8287049
134.9805405
123.2406399
107.2882912
126.2722264
112.3792253
122.15961
119.9424072
125.9873378
121.3723864
129.9517599
133.0692899
136.6338854
132.6345152
114.863509
101.8555085
108.4618278
157.4268731
112.431957
164.229739
155.5083208
174.4922163
101.6842848
115.8646525
126.4797749
113.2019093
125.4439039
158.1863908
100.6115317
103.7927362
148.8711464
123.0622513
128.8768379
104.2697587
129.971666
102.8370131
100.1326936
110.7699241
117.527486
135.7815056
100.529386
160.0578531
103.0181147
127.4091406
118.3895789
108.0857117
123.0880051
100.9346623
103.6428253
161.2222405
115.7043311
108.1183556
150.4619069
105.9965683
160.0612744
113.3163737
105.3919404
104.7996756
125.9826217
114.8078621
150.0451225
106.7655227
103.9658356
106.6477133
110.7865859
124.7010638
132.8247148
101.90923
102.29778
134.0304761
116.0969128
100.5794478
173.0688999
151.8828283
144.345236
100.5534827
132.811852
121.3757623
135.4142036
101.6909542
104.1715311
123.8195388
103.6151466
122.6143792
129.6515053
131.8812294
119.6615835
179.084756
158.1274456
106.7954323
144.3954192
133.8395064
109.5177279
113.8847229
110.4024027
113.4539061
130.4718345
149.1525745
149.4193385
135.9005765
108.1256887
106.7848144
119.6338763
104.1863632
123.9356509
102.0552594
177.1525267
101.5582066
141.2483497
118.8150004
101.1435339
128.3039534
111.5113452
145.9304296
142.4537105
114.0483497
100.643908
113.2665333
131.4401881
113.6578483
103.7766208
103.713836
102.0385989
111.2570672
101.2295203
145.3779841
109.0439973
115.5222846
150.3147445
117.3383054
159.7281533
106.6210362
113.2546834
102.0659245
103.8421972
172.1273001
135.7781889
172.4909477
156.5863572
108.2240247
154.2974108
160.5278686
122.0561083
102.7418013
125.679824
123.9004769
117.4615066
119.4307034
111.4385197
127.4360988
125.9157516
125.9355705
114.3858682
104.1567057
125.0561988
169.1352448
101.3929676
107.9332535
121.2442696
105.6789767
100.0263176
104.1709593
103.5096514
102.2646433
126.5115254
132.8678327
102.2868339
168.1161084
107.7130025
109.9757959
134.9392115
174.8406877
106.1268602
119.2336554
108.6198741
107.3225052
160.6607913
119.4893172
121.0908276
124.9383962
150.5289304
112.6400491
111.7326667
