104.3345845
135.9284782
159.9669364
126.2760043
161.9094562
129.3568163
129.1965839
112.8457613
171.6531004
134.2463867
101.8979412
138.8772256
134.3629474
123.2796818
102.371746
109.3264099
170.9019089
171.1738729
111.4621087
117.441665
131.5537967
112.5049069
105.7554205
119.5430794
143.6660915
102.4840384
101.2183404
105.3367737
106.1340583
126.0586128
155.79934
114.9833275
115.1989233
160.5911504
125.0916243
113.2574119
156.8696692
107.140018
112.8335169
102.0457382
130.9781256
108.1564059
157.1770874
110.045257
112.9202415
117.6441209
137.2715641
119.0247664
102.9245186
106.9447061
101.3416731
130.1655944
129.0621714
131.6308409
113.2933006
153.1546856
116.1937772
134.186509
105.7916013
170.3892306
102.350765
106.0192182
108.0494023
136.5907264
133.8950662
124.910277
107.0744996
118.3480367
164.4875196
126.0119006
117.2933462
159.5264485
179.0756007
130.6388238
170.8760576
103.7466349
146.4294015
103.4884386
121.8387533
124.5436418
127.3555462
120.5511654
100.2563056
117.3740869
100.9704374
134.4017274
115.5425553
124.8042372
157.9351441
101.19697
140.08669
125.0577509
101.353868
103.9555064
116.8869242
129.7261589
140.0281387
100.9623357
156.171524
126.9109934
103.8574882
115.928606
155.4309352
144.928345
105.5699644
133.6957401
117.2253776
126.1211548
147.3334881
111.0372353
108.5520436
138.8361832
110.7808986
152.5382264
105.8035473
127.4705032
106.5362795
135.9731089
173.4582924
114.8464296
111.7083495
147.614306
130.6763737
102.7035484
100.7683842
118.0259084
104.5491591
121.783852
156.7734196
109.6019667
129.2226173
144.1544809
124.8898813
101.6715835
136.1172274
175.6335528
147.7215419
144.7584703
141.1551676
135.3477192
108.3581746
111.6819043
105.6687069
106.4553871
117.1400473
115.195439
112.7333771
158.6479981
107.3675178
131.1218551
150.0195115
145.9365742
103.6483765
109.7926656
120.5177943
175.3992052
116.2858448
112.7085547
123.433998
150.4973567
101.7230113
103.609031
123.1022787
102.0091307
103.7163407
117.5714316
101.7672001
141.4019272
108.0070454
133.7913784
113.7637647
133.5779189
119.0908968
111.7235432
118.3039312
105.9152636
123.622012
148.7735565
120.5237791
109.2849987
104.5963886
147.5124882
101.049689
106.3190862
127.0791587
129.087235
122.4233674
106.0699453
113.2391253
163.4286556
117.4134975
125.0965187
125.1042115
108.693453
108.2054944
127.0713459
127.505117
109.6250908
117.5127145
176.5690097
158.8704309
113.0207775
116.9775505
102.7369121
127.8927928
131.0677941
123.9341464
141.4843625
107.4810338
109.1548463
131.5819199
108.7266237
102.6175014
126.5082592
116.5744692
105.643936
117.1205973
135.9714467
114.0121624
120.0169531
127.3762056
128.9958089
101.2370215
134.0340133
103.2151124
116.5043465
101.3430555
117.1689308
126.5383359
106.5370051
105.2596815
114.5760538
117.3352341
108.6179009
115.3850515
155.5909582
174.2094998
123.8626883
118.4583081
107.3164794
103.0730413
122.2084126
102.1249852
154.2753405
102.1400936
108.8745738
121.6431668
102.4072107
123.8460283
107.0383104
109.8896737
110.531879
115.5435712
122.486537
179.6036616
132.7152619
145.8989335
121.7973449
121.0636252
125.6706454
164.4322686
116.2605161
102.8680408
139.8395919
126.0525032
113.9815558
135.4882718
117.9518369
103.1350296
159.9736187
112.4816406
105.9731359
160.0180106
130.0543391
110.4905492
126.3683221
125.6332265
100.9252799
112.8005103
100.1602308
124.457866
117.8573641
108.0197686
105.7726269
170.7137994
106.5056818
103.5088306
104.7253889
116.3986642
111.0249147
104.6049948
110.8702326
105.0067523
102.1025042
112.9065458
103.504006
105.0207658
141.5139522
112.0162681
148.240794
108.4991723
130.0125938
108.0702977
134.4827805
151.5219858
119.5531766
125.3556378
169.030139
115.3368261
107.6242704
103.5417004
111.7284769
114.0434247
124.1289278
143.4279377
130.0890552
125.0482051
158.9729457
127.940496
102.878145
136.4729625
110.2531653
102.2536615
170.2672518
114.6799473
137.4070656
100.6910056
105.0541011
107.4249458
109.3886712
123.3089921
161.4243591
102.0942996
117.1186988
102.4768277
169.545884
160.9323613
158.2101535
133.1315967
152.0653585
104.6330825
115.3163896
103.7853588
101.2562482
104.1292429
123.6755621
128.1791379
118.0313561
110.2054962
128.0320478
100.2070058
153.631084
101.8855189
113.2322274
110.2288574
103.5172475
124.8231159
100.8528453
147.0787661
120.8422177
100.0849962
131.6617853
113.902483
122.6751872
119.6418243
126.2930277
116.1951297
124.2384185
115.0718067
137.0231959
100.2673247
106.5947592
101.9394402
100.0893608
125.193984
112.9784898
116.4511482
110.1701328
134.9577756
120.9795234
151.439631
100.8192604
139.6039254
143.2506426
128.9142773
112.0590381
104.4572625
102.4826131
163.9303884
113.9713843
128.8057103
127.3544645
125.2704875
108.1594578
103.7265149
109.7750027
147.2984265
117.9899109
169.7054628
137.6434127
155.6327914
133.8654105
140.6854389
100.6934818
100.1229291
109.1220514
109.2032012
120.3383231
142.169458
103.7955097
110.1412178
164.8681461
103.359874
105.6422056
114.6403344
128.1271084
108.3619175
105.9008875
138.3615391
152.7738279
123.6295871
104.2802301
121.8008201
158.7619625
103.2043226
106.9770651
118.32571
117.8156942
104.8322303
116.8839545
159.8229961
106.3773053
110.5505698
136.6312515
141.7863937
108.2047188
118.2284966
107.2593562
109.9049701
110.2707191
107.3522371
113.4553643
111.6928521
109.44093
120.9301311
117.5530701
143.0284977
100.3929844
106.3914833
130.6802944
124.9168845
107.0806486
100.8970278
104.3223766
106.8260862
134.5544606
106.4007401
144.9820029
106.7327642
104.6651555
112.8664304
100.9397181
119.0925995
134.8321384
125.1361928
103.7959578
108.5468459
106.0948599
105.9511972
113.2970027
146.0433509
129.2657926
101.9150188
114.1664025
124.5605834
131.3067971
130.6867301
143.6634536
132.1435603
107.1748197
140.685925
106.038434
108.7877465
117.7290726
101.2706438
111.6420951
115.2063993
124.8518017
108.6150605
148.1608638
101.7396917
157.6570713
102.7672151
100.2897896
155.7298109
161.1647642
168.2112529
112.0898163
123.6838171
134.0698807
121.3538918
100.3470424
103.7303286
125.0361452
109.3287681
106.3202225
113.6482345
133.9997831
112.8789485
103.5838697
107.1057176
145.0236095
149.9814139
106.0517388
106.836657
163.113959
110.2972159
105.8688915
114.762664
144.5166415
120.4454942
108.3643053
147.3432093
103.9821254
104.724358
113.1567382
155.0781615
105.7583511
105.2369464
143.6632344
137.3837158
102.2448061
123.6495577
104.9673829
112.1523684
126.0441668
105.3705733
125.0282317
107.7269519
124.3769123
160.4736457
164.0127421
128.3654826
103.1261005
106.7278788
140.0383064
100.973371
101.8240322
104.0228682
115.2718007
106.5187228
111.3185244
115.9935535
113.6944257
159.3280263
176.5679065
159.3156347
151.2207536
101.5653012
113.4258073
107.2458562
119.3261426
121.5148464
123.5667745
129.6579334
148.9638171
111.5013865
111.8075871
123.7226722
129.9985937
104.6540837
117.5875141
105.960004
108.9453974
118.7506878
103.3864117
118.8903412
109.1029435
144.1252052
101.6428732
101.6670916
102.9268049
111.2193658
119.8369607
100.3808559
115.4606212
101.0949371
113.1976578
127.8485752
110.5443708
102.4615399
105.5914079
106.3511142
103.2701325
153.8370248
113.282261
135.3232454
101.8814619
111.8522026
147.1062768
130.6683854
146.0123298
172.647837
131.7732159
114.2228799
109.0754665
158.4335049
100.8929742
121.8524904
109.3829735
126.8169951
101.5381532
111.1797322
103.0104266
112.1029684
128.6303335
100.4635108
120.3260352
108.0697092
175.2913772
112.5736535
145.682265
103.1602852
133.1395931
140.5570128
163.3248727
103.9049456
105.8111545
153.4798472
104.625724
100.2615578
155.5018953
115.6481076
107.3056282
104.7927953
102.4568214
102.9753651
105.8937634
106.2735052
111.1798612
122.1788278
100.4260653
107.6147851
107.1440187
170.1640325
118.7063957
124.8629781
122.8425326
162.3673001
157.0562024
113.9885602
101.0133388
111.9740443
147.4089254
108.2557853
110.5579024
124.4540526
154.2789571
119.8919801
116.6448446
114.7809163
174.9180742
145.5038006
117.6532599
139.5274482
106.2518923
118.8019582
100.4632506
109.6452209
154.0300377
119.0867869
119.4483119
126.2183611
120.5381806
101.8038319
123.6224678
164.6920672
107.8969395
137.724814
107.988386
117.1952968
127.2173975
121.3033339
100.4064197
125.7876144
159.1691384
135.5703811
102.8439641
116.2021801
137.1176807
174.3426664
101.2857039
151.8166808
115.7584822
118.5660571
102.4825849
132.0936533
115.7447131
107.445147
104.4553069
114.0460424
119.8129968
110.089582
117.7092024
116.0039132
165.1979617
117.3070126
110.8702141
108.0212289
103.8859957
116.4495454
144.9992064
148.4470746
121.0818182
106.3087395
103.0058244
144.0038387
113.8940471
114.7442942
160.3887688
114.88794
165.4207626
101.2612635
116.6510545
108.4496447
112.0588863
102.7499838
108.2927662
123.6529302
101.866959
133.8953172
102.9650244
128.5402922
146.2617494
103.1327072
100.0509233
142.5759881
126.3758957
146.8955617
119.3109221
119.1867987
116.0193157
118.2861641
116.4776874
117.9768301
148.0049284
137.6288079
123.2766731
147.006355
110.9554771
136.7740466
100.257745
122.3012808
111.2337848
108.4709638
109.7476193
117.1052174
102.1232159
129.8243386
111.0076467
117.8910746
123.05103
121.7722371
111.8832835
152.1738172
142.3347813
145.6139834
132.9629824
129.409364
145.7584752
103.6484044
103.787134
131.0409327
139.9033027
104.0641684
140.3606192
164.163911
124.5458838
107.3559645
134.1971556
171.3714944
116.2855998
111.8963738
100.5168494
103.5870155
163.6022246
139.6119744
147.8201616
111.342638
140.4536457
102.8422619
124.0620302
113.8736078
134.2996166
107.8416008
178.4434462
110.4941815
102.1153337
131.5301132
122.2404412
142.0702345
110.708124
101.458143
135.9439313
105.1454266
124.8094712
168.2616334
134.5623576
131.6810073
135.4213028
124.8996965
107.5922065
127.4638627
100.1825746
101.3934305
129.13934
105.280392
131.7558929
131.1767553
101.1869462
123.2712161
114.1757814
123.3723197
101.3181267
170.5300865
118.4053519
167.0584935
118.7579933
102.466756
145.6808571
174.6039311
132.5665483
130.7713457
148.4425408
174.3749935
130.4452045
118.0511277
111.8485005
106.6740105
100.3479917
113.4549622
130.5161358
109.1975541
113.2791731
116.2901986
102.3306005
162.6749968
125.3707856
102.3990524
164.3411304
134.1959974
109.851745
105.925444
108.7214122
150.1876624
101.3162429
101.1559953
142.6206942
115.2797361
110.3748908
110.3865952
121.9688443
101.5592394
106.4217144
139.6593905
108.7916925
170.8477814
104.5718735
165.2813596
119.1088722
103.4760075
117.5564034
109.0574301
132.8294082
174.9049849
132.9024446
102.2224292
141.1455968
109.6602676
124.8822328
112.2475256
117.0979765
103.4285451
110.2133309
109.0275667
112.1829988
160.9489151
142.7017082
143.0576289
102.0861146
138.047523
108.4971319
101.1055266
108.5846254
107.5134081
142.6668096
106.0302741
100.928716
109.695082
115.4536157
103.3844603
176.0142879
109.2926608
113.6822875
127.2975652
107.1463238
144.5012843
100.3693311
101.6736207
106.3418153
143.8242162
164.8953988
121.2019153
123.2219904
110.2398143
111.6630774
142.1738982
135.8743154
106.8650286
110.4813875
101.1968843
104.9258892
124.2768204
102.7673765
101.4280302
148.8574718
116.8194556
106.0981966
120.175946
133.1433775
118.8053119
101.447824
139.7321629
126.1025522
102.7767107
109.5382584
107.4635433
106.5830799
145.0529929
101.6467693
147.7793688
140.1620316
108.5720505
120.7966689
114.6969976
149.9690268
137.657649
138.5022812
101.4097362
100.9858047
113.9241992
158.7395796
100.7394373
100.4563249
176.8451196
142.9900886
165.2983096
143.2573211
114.3931035
145.6443785
103.6448387
150.8406431
107.967482
100.4626104
142.7530007
105.6947676
116.8556103
126.4217286
150.9456561
100.9296993
104.9395372
153.5742765
100.4272074
104.8019156
131.3718737
131.1130196
112.2923906
100.2162123
116.3678818
108.0282963
128.9458513
125.0530466
133.080279
137.7926082
128.7965312
151.086074
118.9444868
143.5079354
149.439215
100.9259003
124.5919469
107.6142061
106.87005
108.4297097
131.1705954
111.9826638
100.2319176
109.4174668
106.6196128
104.8506916
102.595061
126.9214295
129.3587895
116.327542
105.3804565
114.4335038
106.5200182
124.7362797
111.5361486
117.85899
124.1405325
157.2227817
112.6634984
104.7704593
107.1801734
119.8463384
105.6088007
176.3862785
145.3878106
127.1093172
134.9964034
116.9536002
138.0585824
101.94878
144.9691962
124.103765
123.8705666
124.9007715
108.7894625
112.4736759
102.6732422
103.4069407
106.7350935
116.7170081
114.3984613
130.784612
114.4370599
122.8151451
112.705494
108.0731771
168.1586041
143.0736186
122.5759568
166.0002261
108.7542569
146.6908928
118.0984887
108.3320863
125.9641939
113.3436791
125.1473236
102.2300515
118.7975978
151.7099666
134.3013961
159.0749011
160.5702725
101.5992934
137.1463638
132.7604069
103.4500021
105.2218049
110.9190503
116.7089771
125.6663254
103.7166633
104.7306201
115.4897497
115.593731
104.0971769
106.5743162
133.7599083
105.8645786
102.7968681
151.9431796
178.4325703
106.3527845
104.3961341
116.4493867
123.5767001
101.0967895
124.0957683
102.3406142
134.4299678
175.5306117
150.7752025
102.1812951
148.4656451
111.800978
103.3159814
118.8476472
148.7401813
148.6034146
158.3340577
120.1481388
131.2504611
142.1072578
123.7819339
102.1481973
103.2520859
153.0567534
119.6839427
111.2024
110.9224742
145.4277243
100.1899954
118.8047041
164.4301429
131.7071751
103.2299816
106.1227916
110.2498628
104.0312311
143.4804322
122.2925526
130.4131181
108.5402103
150.8833591
108.0113811
118.0134444
132.7471918
130.2078399
109.9328149
177.5809269
117.0438977
145.3386821
141.397843
101.052098
126.3272133
106.3848085
157.3082222
124.5556614
117.7771072
115.7472253
116.6401001
101.9121121
148.764155
107.9026728
102.4020886
108.0459086
126.0978353
107.4274342
179.655377
126.0156148
117.2609679
135.6513885
103.0480503
133.5769266
104.3975579
123.0428564
105.1323473
127.9350549
111.6189677
108.4170583
118.2132084
147.1933498
102.5538755
115.5765418
157.3045339
151.8538069
145.2536727
111.9125404
160.1748757
124.7599633
125.7018687
147.7981287
103.3091312
105.5139017
125.567443
103.5976267
112.1816686
111.8297933
139.3198221
123.3697538
100.3079299
104.285408
148.4548154
117.2462415
143.1555926
126.6623895
115.5009099
119.0243239
108.8809376
100.6626954
110.3236253
131.1732368
101.5032304
116.243988
101.2005653
109.155364
101.394578
123.5999202
114.856676
130.9267501
129.1811015
165.449704
120.6517874
114.9775756
106.1031803
172.3316467
164.7782913
110.6541699
127.7937664
127.6716123
144.7586461
109.2679502
103.6132937
110.6144037
101.5793902
155.7092576
177.2093362
134.2653018
124.3719317
104.0108536
128.0646758
113.6878788
125.8552938
176.2260042
113.0027212
155.6390831
100.1689359
107.2597148
103.5444586
171.9477824
172.9964658
144.1289061
136.7018062
108.8550974
128.4628627
100.2918685
140.1447615
100.5282912
125.7887693
135.5484831
133.8069213
141.2356849
111.7674245
138.9672853
126.4618538
135.1217047
171.6942942
129.9178601
108.3851798
118.9219513
106.6743934
153.490993
143.8326866
114.6642921
119.2759067
109.4420709
130.7232257
116.5298593
153.1362654
173.1561438
105.3373867
121.8678272
119.3618258
116.6761773
103.9373201
119.0766346
113.4914432
126.8148514
103.100383
128.9560393
104.5957205
142.4496474
126.7799318
178.5506748
112.1075743
115.3937103
119.0312445
103.0620735
106.774319
114.2357075
123.5182507
154.4645441
107.724017
122.2451991
125.5805122
148.7817603
128.7769747
110.8766815
100.4244806
146.6103526
104.0661578
177.3028924
109.6432956
118.6940058
115.8624572
102.2692957
159.7446959
114.0571968
132.8780943
150.0717632
162.5966703
111.1622575
104.172063
105.9790201
109.403782
109.9583972
132.4288602
141.7569481
104.9898217
101.3558706
111.5437086
151.5753342
124.4814373
109.1017526
111.9381827
160.1401768
125.7382455
105.5922454
107.9564145
116.6726312
120.8901965
119.7293028
100.4217907
100.0103328
135.0469729
121.2995267
115.5512278
114.1779664
109.5095822
104.3963675
141.8770628
101.547223
114.4217417
125.9902386
113.4206025
126.0613023
139.8126359
123.4262807
125.8645251
157.2478367
122.081128
105.7362736
129.5460263
114.0747936
167.9251251
101.3062718
130.3442363
127.3163233
117.1900184
134.4422007
151.8883047
142.1833227
117.976292
123.6863052
116.3204823
154.0053565
100.5682037
121.677882
141.8222139
172.1719014
118.3526024
154.6209604
106.8295485
144.5148825
122.3824677
165.1781315
155.8290248
106.1369315
110.5509289
100.0970948
111.8180145
120.038923
113.5795315
123.9074055
105.4044135
102.4787354
121.4041857
125.4967361
109.0485794
126.2303641
135.2412708
150.4645676
108.0033011
104.3451901
120.0448144
104.6961888
114.8343976
118.6250777
136.5081034
122.1735811
119.066336
124.6133227
131.2454849
101.8768681
167.7282046
107.6063887
103.9517219
114.9795552
158.6305585
104.8829257
128.4931698
117.9403596
134.7456827
100.9974692
117.1754315
105.9882606
104.5139142
101.9567257
115.7869598
166.6889199
166.0514686
133.7969212
109.0613005
172.7080666
107.9102867
109.2105923
105.3864402
103.6983113
114.4699446
105.1435936
115.6937114
152.770882
135.0780867
124.1202011
109.4495822
110.497942
109.606604
153.0554349
103.9334415
104.6387214
145.2581794
166.017562
100.16964
131.0153241
109.1574774
111.609769
124.0495396
109.1706997
117.5674777
101.3920309
100.2226631
123.851775
116.0646317
129.5276509
100.6515932
127.1793434
120.13253
108.9115755
129.000784
128.9867419
138.806571
100.7365993
114.5618665
136.1067877
112.4266855
108.639994
103.3005741
121.7284576
110.3868171
127.114734
112.3051555
100.785026
118.4039863
103.6470756
127.9128538
167.0696652
105.3317736
154.9329399
127.591662
122.4825374
110.0792381
102.3691864
115.3219679
114.2513643
143.8443218
144.9900344
110.8399336
127.8333006
105.4968641
153.8487307
107.2960427
107.5435606
170.6322867
107.260032
113.37143
127.5776422
126.1310067
112.736432
169.729106
106.0148312
130.1974018
179.173193
112.5712098
108.0779674
132.4000622
110.0133465
127.2946406
150.6374874
106.0872495
104.781942
109.5006001
172.2785068
113.3885718
105.7106807
143.4448771
106.6661344
103.5510862
104.6251812
110.0308109
124.2794544
129.561905
115.390008
104.4219026
144.1851876
158.7025953
119.576269
137.7214973
126.1073458
114.6203122
148.0771353
118.1107382
120.8803428
111.3992629
101.589305
103.1947251
103.7418679
100.4231081
107.7789112
103.5620924
107.0546982
121.7982265
133.8600814
117.2402479
137.3876202
118.8489575
116.1372899
169.2532089
102.1249162
124.5211281
136.7232488
175.7360526
103.9950484
151.5635536
136.04486
103.2834863
110.2173719
101.8388022
130.0286952
150.940726
157.5108464
116.4242713
101.7621257
107.8021439
124.8195058
165.4503144
115.5569707
122.4670116
109.7636582
124.1692523
156.6350848
120.3756789
152.8412976
105.9119017
116.3524662
134.5314241
105.2998428
102.4563004
102.6067523
103.3225214
124.1044518
146.1464813
132.1020078
111.7960849
150.5600211
126.6825194
104.1283202
159.9219895
111.2090899
176.2499376
103.8084437
101.0185867
122.9593021
104.0262995
129.7662626
105.3513875
159.2942458
137.83362
108.5456509
107.4268691
169.0570544
113.7432864
128.9358848
127.8881387
104.5096159
106.2876052
108.992021
134.0899849
136.4260752
112.2395193
101.3988581
102.288862
128.7416022
107.4730003
117.8447696
106.7476266
122.8350081
125.211362
164.9483133
166.2825592
101.1377591
106.5441076
118.1603479
128.2404676
100.8927691
112.8503513
123.4990542
146.697867
146.1313338
139.6412927
137.2852889
163.79414
101.9714234
125.8238404
123.254622
116.3832023
169.2214619
105.7092635
117.839332
126.7286
150.134926
117.8771963
107.89033
103.4337561
101.7596506
135.5780338
104.0798671
133.703186
105.9448024
106.0173361
145.8160751
100.1229017
122.9843749
129.5090964
145.6219272
179.1627384
104.9625145
145.7720592
104.75354
139.6925042
149.4091209
101.9875929
102.7362908
106.3634049
105.1822103
109.6560926
149.5342591
116.3603945
161.8665125
138.6226904
102.8303857
163.0246975
104.6224613
115.5207798
116.9577997
138.3057656
114.6211112
122.2536382
122.2101544
130.9577176
108.6372436
106.744656
103.2623808
161.4233669
126.0291235
148.0355483
125.0760027
137.6452712
103.4035879
112.1945905
107.495505
126.3666128
122.1131849
120.3789731
103.1224837
108.4947037
107.8033667
143.5604203
116.834202
105.450893
128.382296
171.3371315
105.2401803
130.9955402
101.5673258
106.1658939
103.0136653
113.7609354
129.3815503
117.7437999
103.3130862
105.5613591
118.446163
101.6520226
105.0048058
111.3976662
103.8112703
156.8750881
175.3389083
135.3822888
139.8140175
129.9385917
117.9498668
105.706239
106.9185611
116.2658241
160.3875104
117.1668744
113.5755311
128.1875756
153.738637
154.0132113
123.0299881
112.5814585
125.2604239
120.396337
118.6892635
115.1905608
115.6076456
115.9923843
112.2610234
141.0578542
141.1613592
102.4110919
176.8342353
123.2038992
113.3105735
153.7240393
114.1349697
142.3846224
129.8927526
166.1223691
115.617806
104.0365027
102.5101348
117.8100803
135.455489
160.3538248
100.0062302
101.3355784
105.9424835
151.0800987
108.369976
118.2846658
103.6052968
107.6075415
109.7144328
111.1354148
133.7004939
105.2129802
104.7852286
117.5824847
109.6803791
132.6388802
104.8989701
154.9282177
111.9409806
129.5420588
120.5006464
120.1318838
103.0570871
105.0355002
113.7982443
105.597165
175.154519
104.0556763
159.3965692
112.9739466
105.9794514
100.3265649
119.7550039
126.1733271
103.7481035
108.166711
114.2366146
100.1498222
110.9768707
177.3979586
141.2701495
119.2991957
143.9510572
145.8974944
119.9871304
103.270186
103.5765605
169.7642271
121.7895806
116.8006901
153.5143559
139.6967219
133.6119442
102.2364886
172.7826258
154.7803339
155.5134369
105.5069666
110.9100863
136.413296
149.3217461
120.8523771
131.0002234
141.6279212
121.6536043
115.1675537
104.5666732
102.3455563
125.608039
132.3100798
142.7838698
108.7770095
134.6370984
151.4954585
132.5525004
125.1693642
114.6834337
113.4652836
109.9814529
167.9803795
178.8570348
174.836691
124.3549914
134.7572237
103.0768513
121.0548239
121.436148
100.6375606
115.6246169
108.2658629
109.8599063
140.6341216
155.3305983
105.3135018
122.0059647
109.6913503
103.0751008
134.049877
106.2067694
137.6988215
100.9975298
132.792216
113.7344328
132.970352
103.0677117
104.8906494
117.3248109
114.7350809
102.9271874
177.4565641
154.2056865
153.6666307
141.571161
111.894318
101.5160697
112.4055474
165.949002
105.5021733
107.0022927
106.4660672
112.8872868
141.1308057
138.2268509
105.3380493
104.7866502
111.3995345
111.5186473
119.0167954
104.8943265
123.5960078
131.6844835
109.4160114
101.1060993
130.536805
127.7330945
105.1867421
125.7446102
121.2545662
129.5089951
139.1950201
122.8720726
140.8409276
100.5878579
116.3451772
137.8026949
136.3290399
124.2742919
139.9708628
105.7458362
151.5945511
115.213509
117.32202
100.3683576
142.8131021
102.9883604
143.1692871
104.5599282
104.3637644
139.2959342
147.7417366
164.7341752
112.2037346
104.6078265
103.1729978
109.8739461
118.4848673
141.8247853
103.5499614
121.898294
103.4568346
100.109861
107.1123536
106.1155807
106.6656504
106.3038897
107.3807314
121.9803563
167.612414
115.801049
109.3685004
101.2249347
106.0910882
153.6472476
118.3248885
138.7084661
108.6402967
103.0362806
143.5105415
138.471421
100.2582547
108.4847387
151.8864644
112.4463233
145.4475119
173.4355963
103.0595003
124.0849871
151.2158959
115.6917671
155.337816
103.5242577
121.0289099
152.5953474
106.6836805
125.0596725
108.6027416
119.7460462
102.8960192
102.4234959
116.7189436
145.8887552
108.2963983
102.6011856
135.7941721
111.454452
138.1411596
100.4081424
111.7856514
121.9973848
118.1370353
121.8618739
124.2642776
113.405577
127.9495641
104.6704722
159.0515512
114.0979366
152.2285178
134.9755873
100.7433636
110.47586
106.2821108
111.8305459
108.7640505
109.5394279
131.1397536
103.8144163
160.5319929
136.4472156
130.6341912
102.3377161
103.5710231
113.2047447
127.0739612
126.2251748
114.2846343
105.2081662
150.3603941
138.2468387
100.9577002
115.8572567
109.9697764
116.9755743
111.7715357
105.7376343
136.2182342
127.8693808
154.9767238
112.2838727
114.678257
112.5499857
102.6213899
109.8495931
179.5810774
102.8004275
105.8185183
101.9841245
125.2569675
104.5279603
117.5058127
116.796179
121.8942946
124.495516
101.2184207
107.2268584
114.2604683
110.6415553
125.8261373
101.1983694
132.260751
128.695922
128.993167
133.047236
175.7980018
118.213632
114.8457084
103.6545469
146.8609514
135.5049922
176.2499598
102.2800724
128.230252
101.3698987
100.4222112
112.0858743
107.5780285
170.3114664
109.7756937
146.8530433
121.4533327
111.7655708
104.9682082
125.2267253
100.8457929
135.7167758
166.3010189
158.144343
138.7353692
136.201624
101.8185814
140.5346381
130.4592145
122.9128791
126.0605177
108.488698
106.7861804
120.6400708
100.821028
115.9833807
127.4758553
110.3799697
121.7588919
116.5401311
166.7130366
104.5130152
102.5673266
107.6382863
109.3742694
117.5378559
102.8253546
110.4853187
102.0200926
124.0770334
169.1858032
132.1346121
101.2413827
170.9881021
129.5586505
101.8110104
104.9310916
162.1375744
145.8559028
101.6685393
125.0747409
157.2895905
100.2233491
108.167115
111.0234167
122.0523974
107.1760327
106.3605402
118.7616412
173.5075313
143.2924701
110.978211
167.3411929
123.9843791
119.2983096
106.2716874
106.6600347
155.200577
147.6812971
120.2747625
125.2591421
136.9084468
149.1774832
111.5463707
158.2958813
113.6682503
132.7555936
120.1483013
101.7980814
163.5729852
102.7827122
105.4824083
175.3217723
100.8510659
103.4655093
113.2236554
108.5110544
120.5556492
120.4609822
127.0452597
102.4648106
150.478136
107.6375617
109.6549327
133.0616319
108.6675577
105.3204348
108.0350956
153.7603669
126.3461949
112.9176249
122.4549061
122.656869
167.415141
118.5487812
160.704974
110.3916755
100.2111988
103.7350703
120.7364859
109.3173594
100.0152899
131.6064537
115.6557001
129.971656
101.8503416
116.9254605
112.5063328
113.4536476
111.7502479
114.081982
119.7924318
155.6841661
141.0725325
112.071346
120.8376647
149.5103132
102.8727088
117.7539494
135.2486327
146.4938955
102.4811148
107.8870473
102.2739716
106.3742126
108.8858022
131.0024195
126.7944008
106.6309119
142.8774923
127.5164486
133.4712146
106.6950328
100.7022477
138.8743988
166.8832038
101.1644935
101.0387004
126.8952197
134.5310461
106.3585969
120.9261049
100.4754302
144.2619457
119.4159941
124.9500738
119.8882712
110.976035
103.0296489
118.807505
113.2886626
123.1208594
129.0187922
107.2817558
102.3907636
115.974993
129.2159786
101.1471768
171.9542202
126.4063729
152.4502856
153.7077355
162.7197771
102.4764835
133.8858912
110.0713597
103.4786312
150.982786
104.6855093
118.5387671
119.7181304
152.9916184
103.0925107
176.6185749
109.7519589
111.2048082
138.613129
102.923164
109.0139161
109.1562497
120.0165439
119.5107826
142.4030668
106.2256638
108.5342347
151.8640956
155.2494532
152.2993197
115.4695787
101.1405208
168.9872746
119.6765544
170.7002775
159.1932468
134.4444216
126.4026097
100.3347157
120.9968861
107.304079
116.0662052
111.3361914
113.6925708
103.18564
102.6727045
117.5196
148.4795466
125.6423714
124.4459009
111.4705851
144.6708126
100.5053239
102.2497075
115.9619578
135.1145617
147.4528475
100.8811657
104.4337966
100.4191308
124.5150239
154.275309
128.2641709
102.0171519
106.2663414
102.0095018
115.812241
143.5513695
159.9429537
106.3513209
175.974229
