104.3237496
117.5246888
153.0325838
130.4817468
110.9765536
103.8888989
100.8763525
116.6501651
147.796764
164.1112491
112.3256059
139.5478994
148.5057795
102.8115122
129.3391638
100.5476663
125.8328367
106.1127137
136.8362794
141.8535113
120.7691829
133.2199527
110.4979659
136.9122476
153.3326159
113.4455854
103.4961205
131.0024331
140.5849422
108.1386725
178.8787326
129.3498686
104.6588924
160.6106559
161.5142074
124.2617738
107.6785421
100.3794788
119.5727993
135.9290641
110.9724648
124.8429337
121.5145046
131.3372514
105.7865977
112.0145479
102.5408383
101.1981419
138.4671179
132.0200862
116.4493433
113.4764915
101.59901
111.8512218
100.2466673
125.9697359
109.0011102
103.7314767
132.376419
126.4404324
102.618574
125.5943446
126.6199165
125.3354766
103.3866543
113.6698447
102.2511807
101.6531513
100.0893738
117.7603129
101.461903
163.229698
158.566476
109.5345496
116.4187579
115.2206498
119.043256
178.2085044
107.5989514
113.670541
113.0589622
117.0776278
176.1169102
108.5759203
102.4253408
127.07544
125.0620958
131.1863374
107.8777039
115.2226676
124.8398929
106.0063081
115.9587646
138.3347341
120.3099524
103.1818839
143.9774399
101.4708758
109.6608422
137.4289213
110.4184366
120.9614289
152.1498988
143.3602907
133.3902081
119.2890544
100.9139884
110.8535632
109.995695
125.1114252
100.5986678
163.651565
148.6041355
109.6493474
139.6332688
147.3970583
111.6240135
128.0586742
144.7759753
117.2447073
125.9437484
106.4357531
103.3809663
136.2877874
124.2388089
137.2709822
140.4767717
106.1337603
159.8603021
127.3795577
145.1514412
114.9126403
101.0590936
107.815473
138.833783
145.4881237
100.1574791
116.1732822
137.8559396
126.7780592
111.1096641
128.1511041
121.3033403
104.7038316
103.1970526
112.3036465
123.0967003
154.8796697
135.7580902
125.8686314
131.8866204
159.4318646
107.5332347
179.7949177
140.3746249
165.9445115
122.4136427
141.1700841
119.6176935
127.7692759
125.9194895
134.3665163
139.3205586
104.7158483
125.3779265
133.5313425
119.5494898
141.1138581
124.250916
133.5246356
144.2107072
103.3794136
110.8571283
146.6574474
128.4112884
159.0457121
146.4140265
151.862559
143.9876282
113.6377352
148.4226345
125.7893721
100.8689106
107.735727
127.5274282
114.0430372
145.8651281
148.4469441
102.1767245
101.6846578
127.2155457
125.5452364
109.9480835
114.0661265
140.5224921
111.7265975
114.1539186
101.4166821
102.0746052
112.9768214
105.5429518
114.440754
123.6762087
142.9472282
127.5531107
106.576492
121.7703603
104.1514176
175.3869277
119.3962831
107.394557
108.9867222
132.3004308
113.9800416
102.529427
117.1889786
100.2553493
126.211953
121.505363
123.7601397
132.6861602
119.4736997
143.1468931
126.0650064
137.3254141
122.670656
115.7504248
152.1695414
145.867034
113.7154848
117.0114595
174.6387961
134.0756065
133.0844315
158.1906831
176.3786337
122.7224768
106.0298
100.6847902
140.7997983
101.7578438
134.64662
113.2757276
149.8153733
124.2924328
118.8248991
128.8576079
117.9888601
104.3140349
108.2588477
110.6935021
116.1676545
145.31066
157.5851208
124.1963487
115.6302081
106.1824519
153.3530575
113.1538019
103.0992018
113.5489305
110.9306811
143.9635917
129.4652585
126.8629914
104.692709
171.490878
100.0240509
104.6114569
129.9001582
156.1322691
103.6378465
175.1734268
136.8528074
113.2776764
102.2588912
126.541581
130.2501669
102.5608944
120.7053645
103.9365163
164.7370658
134.3899808
117.713289
147.9937342
109.5599445
142.2849644
123.8236002
107.3051161
108.9102376
113.1681795
152.2590104
109.1027109
104.5455791
116.113391
153.8615719
117.795141
109.9766312
172.0535078
131.5687914
125.1470086
106.9504644
104.1989718
110.1622598
107.432969
104.5734689
111.5189796
100.5066662
125.5812921
114.4218584
125.727218
104.9401565
123.950736
141.0602283
125.7078674
158.7250854
101.0907007
103.8095756
139.4253405
110.4525701
128.2013876
101.4846604
115.9838666
115.108936
161.3087783
116.6886165
108.7266936
153.3615112
100.1030915
105.5379306
112.734965
108.1854582
107.3168511
106.4616623
104.0520248
101.1592168
168.9373978
116.4687897
126.5571198
107.7701776
105.4959867
107.8585586
107.5890127
115.1130656
105.6687475
127.4613449
109.9124606
108.0150472
100.0955046
112.9109571
102.5541077
104.5296558
125.7247669
100.9120437
107.0973387
155.0420279
124.9713721
147.0719974
115.6680476
147.5083321
121.4570168
133.7430459
116.1088467
101.045021
124.289166
129.0098797
110.363732
110.2088464
103.7337742
175.9104035
124.6133929
106.5806996
121.2635692
105.4235171
117.5013847
129.3217842
108.3547555
105.7149238
121.9298663
147.6372064
116.5315095
136.7063199
118.8230963
126.818358
113.2947163
119.3300282
101.7046273
137.9643553
115.9107808
122.0824086
114.573439
110.2951738
129.2941505
126.4253351
163.0928451
150.7914704
129.1988297
110.4819508
112.1694569
117.2491085
117.4251288
134.0476944
106.2417945
104.0929706
101.5926381
101.9348317
107.6418639
140.868691
132.7710229
132.3545289
100.2451452
152.9859376
113.5205005
140.4287234
177.1349551
106.0694855
109.2525474
105.9777085
135.1673942
133.5713757
103.2571655
125.2342409
101.9422588
141.3277763
126.5444545
179.0582336
114.2955421
123.8774464
127.5937414
157.5896213
128.2146523
145.6015969
108.36295
102.4173655
113.9669623
110.8589079
131.784752
112.3294864
101.8477508
102.3691374
134.3942054
114.2214031
102.9454595
109.8921678
101.8035036
122.341848
100.0801923
104.0593842
115.0205479
151.6166104
141.3549316
134.2847513
116.6936799
106.2287891
114.4870514
146.2404329
107.3440979
125.3847617
156.3924207
125.2048641
111.3523009
104.978097
122.2810399
112.3702376
109.780656
146.439474
117.9293241
106.1412848
156.9762352
148.5479592
106.5515473
104.6119671
103.7486321
109.7094154
123.28599
157.7528109
111.8528771
111.1208092
178.3890879
111.7554838
168.1098176
110.0274783
107.1316777
104.8688098
119.3655791
106.4641704
126.3361994
165.4947437
131.8674615
145.4226108
156.6130428
102.1123502
165.9999601
105.4739446
101.656124
125.0224334
161.1041733
127.7369888
102.4159416
120.2211962
105.5700869
106.2995392
140.1200975
107.2135895
110.1675432
137.7511629
140.5768485
106.7756167
143.246224
107.7791959
139.3775978
100.5269046
126.7387624
132.9908649
120.6103221
106.4999914
176.5525674
118.2113292
128.5329118
108.4828197
161.9840123
104.6313664
115.8074094
166.591584
129.8326734
109.1272109
100.9515362
100.7049022
123.6746647
136.5507708
127.0152919
115.0284415
107.277834
143.7539367
130.3686746
102.039089
106.6227023
110.4092407
130.0416659
112.7067906
103.1548526
118.2716237
122.6468967
113.2983209
110.1741971
114.7932873
123.3423244
154.1257701
101.9877734
113.1900952
108.3751008
124.2686734
104.2648407
169.3906076
119.2547243
130.447139
113.1934422
109.8255077
153.3195524
171.1934414
118.1677333
118.6205356
176.1521604
106.3378921
136.393641
129.6522185
103.610139
106.1372996
113.9889123
116.787607
145.7630722
105.5528802
132.4749377
136.1224522
126.1938333
138.9665271
107.7822161
105.9856657
166.9317446
118.0401559
165.8214739
115.1241572
121.8556459
118.4801078
129.6022709
115.2750174
151.3651781
106.8860183
147.8740528
143.2486886
163.3777894
101.0341988
103.0437769
125.6943942
123.1614124
126.2752464
167.6215122
132.7231348
115.3284986
120.772312
114.6059365
105.4655568
134.9927841
159.5302387
136.253331
127.7699927
100.1142484
109.5959398
118.1015098
127.0728429
131.954485
105.6907837
104.9088267
100.4919003
123.3838607
113.3984838
111.6713918
154.5542738
128.5329256
104.4306139
124.0847414
123.4191405
126.9754572
101.0774872
110.0150046
112.0745647
125.6594985
147.1429493
121.6239719
129.654476
115.6738991
120.4049832
102.6095466
110.9241385
112.1264974
106.510841
172.4924129
103.4468538
112.1638421
108.6367775
105.0876847
131.728809
110.0042019
125.8796712
136.9513144
126.253801
107.3517791
165.6409222
124.6672835
106.9219687
130.8571614
108.214589
106.492647
111.870584
121.6069821
138.1678989
105.3792954
102.1364082
165.9694802
127.4132829
120.2466501
120.2271374
100.1952775
141.4721887
107.580306
117.5474137
107.8752934
103.50418
131.8286237
109.6705724
116.6975125
109.7655473
115.8526534
122.7596155
102.9604546
114.4062625
107.0843801
106.8963005
162.8591067
108.7769899
161.0959902
105.3101116
105.2980593
115.4558252
165.0460907
104.4241927
131.3537088
110.5944507
119.5246048
155.3338428
141.175685
126.7797118
137.2583415
140.0909561
121.7405491
100.8628383
101.0603485
101.9818557
110.3286959
113.7039189
100.0913152
103.7887236
104.1765385
102.7463961
130.377952
103.7314723
100.6573429
121.5843698
136.26901
106.4508646
128.9925389
115.4609239
110.9728906
145.1080389
110.2640514
115.6806783
128.7389192
101.2861322
120.7402555
105.2771222
111.3968345
127.2862416
113.1451823
116.5600892
123.3607172
106.5385258
122.7155915
122.3128623
115.8442704
117.9927413
133.7606404
110.0728134
139.1131185
158.4259797
162.3270914
126.9272172
109.6296675
102.914245
105.189257
145.1444936
148.118126
129.7336303
155.5523428
116.355422
101.0245995
144.1222465
106.434915
116.4203094
152.5898941
123.1549751
108.2188449
100.6556109
140.7236581
175.0294313
149.0429282
140.7569319
114.0378108
128.7590653
118.6233974
120.9870729
110.8620143
147.1817766
126.0796089
131.970432
108.5140563
113.5389515
131.8989428
131.2150394
100.423477
156.1307839
165.4658328
130.6168475
166.6746923
120.2105815
161.6012619
139.707413
163.2402689
116.9612828
111.3399594
128.2238168
137.7666555
103.166612
164.3197419
104.4573741
133.684237
129.4963387
126.3260824
120.827168
101.6710376
105.8622139
107.748605
144.6945259
116.0062726
120.4568627
117.38685
110.7253545
135.5266131
152.2579766
101.6664688
101.6140693
155.8137889
108.0816094
128.1711155
107.7495003
158.0333882
123.4908657
107.6637929
124.1484421
139.4065625
127.3914805
127.149745
115.1125668
113.5365647
127.4294902
113.0921704
176.2010832
110.4630951
166.7723609
111.5509362
111.2240918
151.4080036
108.7692679
126.439229
110.9964768
119.8482146
114.2647955
100.5902651
152.7384242
153.8265402
121.6003367
111.1898617
140.7399578
107.3970563
102.7570236
101.0199474
177.1776963
140.8152839
112.111862
104.8266599
136.6402923
105.5159487
117.056927
100.0276916
142.7245101
147.3421902
102.7187389
142.9619355
174.8025929
144.7877739
115.3622381
122.1759151
127.9029817
100.5173417
143.4042133
141.6363197
146.3925888
106.5590056
132.0835224
101.9779852
151.1686898
109.4692887
117.8213143
102.5290242
129.6292493
130.4309093
145.3150262
160.0105822
143.7506245
116.1741716
113.0722247
109.2169482
131.6245909
123.0561675
115.8824929
113.900143
133.1212494
142.8151727
112.2916013
123.036182
140.5341722
117.5459613
162.1832535
123.0794127
100.7542226
109.4203681
106.1222873
132.5760019
141.5755348
131.306944
131.2142353
123.4627702
104.8101157
153.9034224
104.861594
118.527946
117.0139859
124.4726852
104.0746486
113.6421955
107.6744484
115.8134093
120.2157658
135.3134555
119.5293725
166.8109452
142.180019
129.9136745
105.8047108
131.8291628
150.3031722
102.0405015
121.0196472
102.7143266
126.3146542
118.8628775
103.3775707
106.8889928
131.8219793
122.3803062
102.3342473
124.164794
105.22963
104.4091757
171.561063
100.31741
101.2617722
106.4181607
102.3331957
109.0086069
108.824629
123.6875043
113.6020548
146.0986083
103.7113109
142.4739175
145.9332593
102.3154081
112.121178
112.1830791
161.0610547
116.3708752
127.39192
106.1328262
108.3027038
101.826393
116.7077244
101.2030452
101.0779592
100.4238122
153.0486254
143.4757236
116.2333878
149.3063557
113.1225695
125.5579545
123.1688716
107.2538524
164.6108458
111.6936831
100.548644
120.2770048
151.0969463
104.6290783
110.760835
105.1897045
138.7172378
111.8690126
107.8360472
157.6077996
107.7002345
119.4209073
122.7962505
108.8401704
111.7966875
144.3415578
105.2148774
108.754504
139.5092643
123.7960149
131.4183575
127.7351302
114.7241184
122.9973908
157.3977432
175.853713
101.7544114
133.1974943
112.2540363
101.6145427
169.6018262
129.1569362
112.4792341
104.1580856
101.5732406
117.5334642
114.8930838
108.5025667
115.4928713
116.0335868
130.7941297
124.4698363
133.6313077
101.423705
170.8301486
147.3024825
129.4186292
104.3888869
130.6629335
103.6424445
100.7334871
140.000613
102.8172588
106.7369416
106.7773167
113.1019042
102.7941503
172.1142186
117.7723692
111.6385368
114.9771503
128.6441176
116.6458055
111.1162556
105.1857243
129.3056475
127.9148435
129.7393408
113.655968
103.854201
121.1109516
149.5129078
145.8016907
123.6182505
101.0050459
103.8403872
108.237223
102.7493227
111.3636682
100.2745641
114.1164393
105.2497737
154.2661831
108.8769541
104.2684073
133.231172
109.8413986
118.1677393
107.4660754
105.9821036
175.5741954
171.3715623
163.6387289
109.7627865
133.8863844
101.87465
107.10913
148.8071213
166.2770651
113.6590452
104.0377875
103.2033317
107.4469026
145.9150972
101.5163662
106.3427061
114.8310038
106.3460324
108.6919332
149.8047081
153.9085079
104.1099747
119.1864653
103.8779067
157.1220708
121.7550717
105.2956514
103.7067843
114.7403714
118.3379156
117.5616812
126.9893304
102.5687837
113.530192
109.6433849
116.0051221
114.8922357
101.4313793
103.34953
130.5267436
131.5216284
112.1657193
126.2355564
132.3388725
114.7213995
128.2186622
161.3564725
100.103187
113.9383742
114.5598188
102.1616527
101.5917297
135.5590503
157.4670347
146.7342595
114.6071618
107.5190494
119.1869622
125.1152642
131.3832446
118.8294325
121.7828508
106.9414168
101.3416737
100.4160663
100.8672105
173.1155921
104.6231149
105.5023449
100.9454275
126.6940212
104.164294
125.6160286
113.4796387
105.1268084
100.1504538
126.9746873
140.7922773
108.8623631
106.8577161
134.0650744
114.8804439
123.2383409
112.8908597
105.3886756
109.6309628
152.4501494
107.8589477
116.8865523
100.7532058
102.9142496
107.9068078
142.8868601
141.9417125
154.7981099
107.0752989
138.476237
160.2592611
107.0009595
107.2206552
162.4728277
106.3253513
117.0616607
107.2610849
110.9677033
156.7904552
102.6381966
117.9156731
152.4669125
130.3165707
105.5382567
112.264895
101.333848
127.8678923
110.7601844
124.0819557
125.1842125
109.5772794
132.3057296
104.4324622
147.2148797
157.1929393
127.0925847
116.0655791
107.7063029
122.6350082
129.4795278
105.2444444
114.5848389
109.1640081
119.5100036
153.9234159
171.7981892
112.7528312
159.2139069
104.6326121
114.1445199
100.9124357
141.4905895
159.6963727
172.181511
118.306044
102.4487112
101.3338566
122.3073904
121.7864842
119.5323332
103.4268716
126.983634
158.4266399
126.272478
169.9299317
141.9621825
119.0502402
121.5537965
124.6789331
105.5858358
153.8258269
107.4555838
130.6809569
159.0050812
103.1248398
113.3319083
125.3983792
106.2960948
116.1620243
100.6818429
127.6167424
113.7092148
110.3887407
140.178504
106.4314739
109.5190592
164.7153044
125.596259
103.208312
116.2260622
154.8595621
111.3326898
104.9932653
166.8523056
137.4301636
108.7898121
104.5451043
114.0317804
113.2053796
157.6317038
102.4952952
110.5685235
104.2203254
129.826068
126.7727711
104.6806032
117.0914317
110.0331576
129.495883
104.0600684
157.5460362
104.9035612
162.5183775
115.2291626
164.4203228
112.6675812
123.5436296
121.6950213
110.2388509
142.9135342
115.1430456
151.6471406
134.2292354
149.4805341
140.097545
122.4000208
113.1807586
153.1168969
114.7752403
104.053028
113.5901097
111.9258491
108.4267232
175.4690081
127.9666411
136.5469247
104.5657709
125.0348302
107.9980666
167.9184365
109.4190049
116.1333612
176.6725229
115.8888595
122.8312349
114.1067663
134.4009834
121.2680123
100.6137024
108.0784654
103.3982561
116.8622477
106.4691607
149.7803826
165.2366762
104.1495685
131.8478313
127.1453695
111.770077
126.2099957
104.6487692
121.6130108
107.0161955
172.5398162
107.5896655
137.6006453
103.363899
110.8278707
100.623578
134.6363507
114.7151375
111.2123391
121.7842802
104.916974
140.9751595
127.8410943
102.7550867
116.9430324
138.4888798
109.0000926
124.6301436
132.1381974
110.7561061
114.9413132
108.1806085
123.7232753
140.610724
121.6747732
100.7301883
171.5742752
140.6853101
101.6086283
132.4700142
139.9322822
109.4307271
110.3537249
111.0317563
102.6563506
104.2652112
103.6164376
151.5535122
101.0500589
107.5347612
102.2863416
137.3641682
101.6086926
136.7427483
105.6277012
127.9343654
166.4224599
120.5826765
173.757062
114.2092244
140.3921087
142.8304678
108.8522512
109.1382658
117.2236475
160.5428387
131.9017885
134.5140765
131.2363548
145.1161473
118.7429082
122.4193111
113.5824987
126.9561276
102.6653088
104.6235673
155.1666459
112.1128445
125.11718
132.4220989
155.7521424
140.5030634
109.6251295
176.4247983
108.7566395
107.7112076
150.9401286
128.6463193
114.8976825
133.7049614
138.3246999
134.332182
143.2381133
121.386218
126.7782563
105.2882284
123.8497057
105.2161159
139.7300589
125.1920556
102.3982944
105.5346032
137.3095754
138.3551742
125.9939263
151.1407153
128.3397781
106.169525
107.0422869
102.3288005
131.783376
111.8231003
123.829676
140.1282666
101.5262268
113.587076
153.1405439
128.1412905
126.0589089
157.96374
178.108194
108.636394
168.753638
129.4028255
130.4456205
109.0994513
107.8473298
125.2139851
117.7983615
105.5050807
121.3017104
115.2266931
145.6231313
101.7776834
107.1016567
136.749066
102.7872963
140.7111921
114.678021
110.6781505
120.7946399
120.7617171
136.359934
163.537706
179.5668051
117.0947193
126.4435543
108.4230985
109.1841967
156.2102525
174.9587097
126.4760526
137.3335643
167.0823228
107.3631059
126.5535701
105.6678047
103.4616787
100.6219537
101.9459301
150.8657654
117.5998326
102.439148
154.5542933
104.9254995
109.6518481
128.8300868
106.3967665
110.2063668
143.6054078
127.1736353
125.3733823
129.0899297
154.4652451
132.7756723
140.3446931
146.967166
130.974751
126.6732628
142.0729068
112.7010534
173.9873345
136.8897697
102.4520289
110.4465659
167.546211
107.3076773
113.4907761
108.8388631
110.3343779
172.6130454
101.6877348
131.2768368
100.0026728
142.4659674
123.1975108
101.84547
124.8469802
133.8120554
107.555534
163.5576792
110.9257634
160.5712984
107.3657045
121.9178092
161.7540233
101.175265
102.8478489
148.3819565
122.8616903
160.141226
126.6472697
104.0150931
113.2477189
118.2674449
100.9190573
129.4583532
112.352675
115.914826
110.5254331
112.0141042
117.3574772
112.0804273
102.1273464
103.7703557
132.0156609
138.6042091
108.0494538
162.8273818
121.6948716
127.1259462
100.2638754
136.8927081
119.7932637
101.4161556
124.0140196
104.1512306
109.529034
150.9133746
101.6897605
155.3475965
112.2616492
100.3526464
100.8087945
125.0198875
117.4345139
124.5788831
118.7279481
124.7457594
118.6206856
111.4936662
107.2560205
123.7636586
106.9046586
106.6695296
111.6437507
144.7892537
124.0179192
120.1624463
107.3377179
156.9381628
161.5468446
102.6696376
129.3136246
102.2166188
101.0191712
126.2698699
109.4412197
117.2072474
155.4681486
101.0301577
153.886363
108.5472041
137.600759
107.3299961
131.4952525
121.2096596
126.4736015
101.6943905
